The greedy run time is 294
Greedy:
The seeds and num of his friends
20522	   4	0.362
20186	  20	4.726
10348	  67	5.696
5608	   2	0.744
2626	   7	2.426
Putting time of each seed
  0,   9,  23,  28,  28, 
  60 up:	 29
the average num: 
5114.535
average round
1.000
0.368
0.733
1.291
3.190
4.119
9.462
23.301
60.540
123.043
201.680
260.945
264.536
223.448
165.051
116.496
98.273
122.003
186.719
250.982
272.474
249.536
201.192
151.214
111.288
85.477
80.055
106.549
130.713
156.015
206.566
252.044
263.524
229.915
176.946
122.346
80.010
49.684
29.675
17.084
9.847
5.776
3.493
2.216
1.420
0.925
0.593
0.373
0.201
0.097
0.061
0.030
0.010
0.004
0.002
