The initial node and its num of friends and this round be put
id     friend num  expect      round
  40      1134     11.340      0
 250       386     3.860      4
 159       833     8.330      6
 108       854     8.540      8
 116       838     8.380     12
 651       448     4.480     16
 191       732     7.320     18
  44      1055     10.550     20
6895       257     2.570     22
  36       779     7.790     24
init node be influeced before active times
1.000
15.000
11.000
3.000
10.000
7.000
9.000
13.000
8.000
12.000
9.000
5.000
5.000
14.000
10.000
2.000
3.000
6.000
5.000
6.000
6.000
8.000
8.000
3.000
4.000
10.000
7.000
5.000
1.000
the average num: 
206.000
